mean_fit_time,std_fit_time,mean_score_time,std_score_time,param_var_smoothing,params,split0_test_accuracy,split1_test_accuracy,split2_test_accuracy,split3_test_accuracy,mean_test_accuracy,std_test_accuracy,rank_test_accuracy,split0_test_f1_macro,split1_test_f1_macro,split2_test_f1_macro,split3_test_f1_macro,mean_test_f1_macro,std_test_f1_macro,rank_test_f1_macro,split0_test_f1_deceased,split1_test_f1_deceased,split2_test_f1_deceased,split3_test_f1_deceased,mean_test_f1_deceased,std_test_f1_deceased,rank_test_f1_deceased
0.015603959560394287,0.0013131849944311553,0.014209151268005371,0.0006753870341348996,1.0,{'var_smoothing': 1.0},0.5808684707363121,0.573568281938326,0.5782980866062437,0.5819486404833837,0.5786708699410664,0.003230657855753971,100,0.47279546460684685,0.46903322844075745,0.47311303414758443,0.4738675174046512,0.47220231114996,0.0018706445740872414,95,0.0030291556228701244,0.003736920777279522,0.007521624670928921,0.005303030303030303,0.004897682843527217,0.0017239590935757391,95
0.013450562953948975,0.0003060107977412255,0.01329350471496582,0.0007530395999924486,0.8111308307896871,{'var_smoothing': 0.8111308307896871},0.5808684707363121,0.5736941472624292,0.5782980866062437,0.5820745216515609,0.5787338065641365,0.0032134555459157415,99,0.47279546460684685,0.46907324040341597,0.4730039822309431,0.4738058293781185,0.47216962915483107,0.001827059764977131,96,0.0030291556228701244,0.003736920777279522,0.007521624670928921,0.005303030303030303,0.004897682843527217,0.0017239590935757391,95
0.014305472373962402,0.00042053470722545254,0.013173699378967285,0.00020645180198067002,0.657933224657568,{'var_smoothing': 0.657933224657568},0.5811202013845186,0.5736941472624292,0.5782980866062437,0.5820745216515609,0.5787967392261881,0.0032568172044678562,98,0.47282229809810544,0.46902948026421676,0.4729822476707018,0.47372285280397325,0.47213921970924927,0.001827270192377779,97,0.0030291556228701244,0.003736920777279522,0.007521624670928921,0.005303030303030303,0.004897682843527217,0.0017239590935757391,95
0.013390660285949707,0.000598843983171271,0.012768149375915527,0.00033313366033782565,0.533669923120631,{'var_smoothing': 0.533669923120631},0.5811202013845186,0.5777218376337319,0.581067472306143,0.5839627391742196,0.5809680626246533,0.0022101523033058374,94,0.4726847393811036,0.4678354673215819,0.4712114225610451,0.4709955311382809,0.4706817901005029,0.0017672226207038552,98,0.0030291556228701244,0.003736920777279522,0.007521624670928921,0.005303030303030303,0.004897682843527217,0.0017239590935757391,95
0.012539982795715332,0.0016581041547955673,0.012446463108062744,0.0005267482405263307,0.43287612810830584,{'var_smoothing': 0.43287612810830584},0.5826305852737571,0.5773442416614223,0.5813192346424975,0.5838368580060423,0.5812827298959299,0.00244199235729154,93,0.469957900311182,0.4671709621472357,0.4709566197875417,0.4706044823232323,0.4696724911422979,0.0014880103868669167,99,0.0030291556228701244,0.003736920777279522,0.007521624670928921,0.005303030303030303,0.004897682843527217,0.0017239590935757391,95
0.009781718254089355,0.00040734539885137617,0.011864542961120605,0.00022181056311890407,0.3511191734215131,{'var_smoothing': 0.3511191734215131},0.5827564505978603,0.5773442416614223,0.5813192346424975,0.5838368580060423,0.5813141962269557,0.0024599026789737435,92,0.47006080343816475,0.46712522032234327,0.47090948958062934,0.4705760217495465,0.469667883772671,0.0014988181054220373,100,0.0030291556228701244,0.003736920777279522,0.007521624670928921,0.005303030303030303,0.004897682843527217,0.0017239590935757391,95
0.010837733745574951,0.00028631045671375125,0.012139976024627686,0.00024606433981933065,0.2848035868435802,{'var_smoothing': 0.2848035868435802},0.5836375078665827,0.5797356828193833,0.5822004028197382,0.5877391742195368,0.5833281919313102,0.002903896997756674,91,0.4720960300318557,0.4737442101167341,0.47288678709761833,0.4812981153058226,0.4750062856380077,0.0036790561610977692,94,0.008308157099697884,0.021441774491682067,0.01275318829707427,0.034238928172683286,0.019185512015284376,0.009891760418976502,94
0.011387169361114502,0.0006834119452739919,0.012935757637023926,0.0003174298506548682,0.23101297000831597,{'var_smoothing': 0.23101297000831597},0.5862806796727501,0.5803650094398993,0.5850956696878147,0.5893756294058409,0.5852792470515763,0.003239083498444717,90,0.48090019579060694,0.47556131335605983,0.48165332056932214,0.48531262215089405,0.48085686296672076,0.0034832764042164086,92,0.03418803418803419,0.02727607814227792,0.037638376383763834,0.04585798816568047,0.03624011921993911,0.0066899852685527,93
0.010808348655700684,0.00018705616566244086,0.012538611888885498,0.0004902646169262759,0.1873817422860384,{'var_smoothing': 0.1873817422860384},0.5866582756450598,0.5811202013845186,0.5850956696878147,0.5896273917421954,0.5856253846148971,0.0030683952960136322,89,0.4842966630760503,0.4793412319880363,0.4839847649112934,0.487701427731228,0.483831021926652,0.00297400039384369,89,0.04651162790697675,0.040278286341999266,0.046989720998531576,0.054491899852724596,0.04706788377505804,0.00503810921960955,92
0.010821044445037842,0.0007081700538876694,0.012571513652801514,0.0002868007724270896,0.15199110829529336,{'var_smoothing': 0.15199110829529336},0.5809943360604154,0.5784770295783511,0.5759063444108762,0.5839627391742196,0.5798351123059656,0.002985829413452109,95,0.4801415816722285,0.48089260880845003,0.477039043758728,0.4844300243885959,0.4806258146570006,0.002628811416850225,93,0.04788213627992634,0.055212495459498724,0.04912023460410558,0.05944954128440367,0.05291610190698358,0.004682645405161186,91
0.010201513767242432,0.000573149174007835,0.012278318405151367,0.0002567863838904424,0.12328467394420659,{'var_smoothing': 0.12328467394420659},0.5797356828193833,0.5784770295783511,0.5765357502517623,0.5840886203423967,0.5797092707479734,0.0027734928838774753,96,0.4793523009181529,0.48168396603419433,0.4778550697898609,0.48551774191784647,0.4811022696650137,0.0028914297296335862,91,0.049282824567855835,0.05795001810938066,0.05054945054945055,0.06293450420783021,0.05517919935862932,0.005568303142854999,90
0.010470747947692871,0.0007416733439877304,0.012559056282043457,0.00041197131667307856,0.1,{'var_smoothing': 0.1},0.5792322215229704,0.5775959723096287,0.5766616314199395,0.5827039274924471,0.5790484381862464,0.002302329366371837,97,0.4808321000073306,0.4821003198936122,0.48030704210912706,0.4856366213811916,0.48221902084781537,0.002078057713180115,90,0.054724553082816485,0.06047516198704104,0.05813953488372093,0.06535947712418301,0.059674681769440366,0.003867108634979897,89
0.01140594482421875,0.0005088073407035804,0.01293855905532837,0.0002781402003512967,0.08111308307896872,{'var_smoothing': 0.08111308307896872},0.6320956576463185,0.6388923851478917,0.6343152064451159,0.6437562940584088,0.6372648858244337,0.004477964473568595,88,0.5236009835868858,0.533618024232139,0.5263751233191956,0.5361781976759875,0.529943082203552,0.0051316276494903995,88,0.057267125770206595,0.06990014265335236,0.057887120115774245,0.07153179190751445,0.06414654511171192,0.006598343857782219,87
0.012453675270080566,0.0011326373466424668,0.016536414623260498,0.00435099180630457,0.0657933224657568,{'var_smoothing': 0.0657933224657568},0.649213341724355,0.6454373820012587,0.6440080563947633,0.6505538771399798,0.6473031643150892,0.002671834175897461,87,0.5366207469717043,0.5390182208436675,0.5340716089071605,0.5417708132563315,0.537870347494716,0.002851454133703612,87,0.05720492396813903,0.06965174129353234,0.0576992426974396,0.07124865059373876,0.06395113963821243,0.00652587478051509,88
0.01168149709701538,0.0004358874387080539,0.013293325901031494,0.00026663376199683315,0.0533669923120631,{'var_smoothing': 0.0533669923120631},0.6518565135305223,0.648080553807426,0.6462739174219537,0.652693856998993,0.6497262104397238,0.0026444106239093003,86,0.5422590549128778,0.5452845213062532,0.5389795232037006,0.5469320081126381,0.5433637768838674,0.0030357710801106118,86,0.07025089605734766,0.08582483292296869,0.06854694751874331,0.08404558404558404,0.07716706513616092,0.007816821411264682,86
0.010151028633117676,0.000600015810504914,0.012146711349487305,0.0005023758382164628,0.04328761281083057,{'var_smoothing': 0.04328761281083057},0.6523599748269352,0.6477029578351164,0.6469033232628398,0.6533232628398792,0.6500723796911927,0.0028043899216060758,85,0.5443212223288312,0.5453562262415622,0.5418050864246792,0.5487075550732119,0.545047522517071,0.0024764914737491215,85,0.07069635913750442,0.08546409807355516,0.06785589366911507,0.08707964601769913,0.07777399922446845,0.008576049346243599,85
0.009959518909454346,0.00043574138934341397,0.012010395526885986,0.00013930832209373486,0.03511191734215131,{'var_smoothing': 0.03511191734215131},0.6523599748269352,0.6478288231592196,0.6474068479355488,0.6535750251762337,0.6502926677744844,0.002713213730656618,84,0.5451795319549809,0.5476855047589638,0.5434726043945745,0.5513732043904458,0.5469277113747413,0.0029719755422075835,84,0.07012622720897616,0.08447802197802197,0.07018763029881862,0.08662508662508663,0.07785424152772584,0.007734683642878183,84
0.009602665901184082,0.0003991589332850826,0.012362539768218994,0.0004575696479055326,0.02848035868435802,{'var_smoothing': 0.02848035868435802},0.6526117054751416,0.648080553807426,0.6474068479355488,0.6535750251762337,0.6504185330985875,0.0027069282404918963,82,0.5457967549327335,0.548479464547839,0.5437842668704577,0.5514098559987789,0.5473675855874524,0.0028672245671644524,83,0.07142857142857144,0.08558712769599454,0.06999306999306998,0.08659508139937651,0.07840096262925311,0.007715106098140666,81
0.009926319122314453,0.0006262923666748251,0.011806845664978027,0.0001948063265705291,0.02310129700083159,{'var_smoothing': 0.02310129700083159},0.6526117054751416,0.6479546884833228,0.6474068479355488,0.6535750251762337,0.6503870667675618,0.002734513878142059,83,0.5459092558912816,0.548970922011684,0.5440188999593286,0.5519253152382534,0.5477060982751369,0.0030093871817573207,82,0.07135362014690451,0.08512087163772557,0.06984785615491008,0.08617718028266115,0.07812488205555032,0.007552193763529638,82
0.009999692440032959,0.00046597831329430936,0.012080252170562744,0.0002852642369054017,0.01873817422860384,{'var_smoothing': 0.01873817422860384},0.6526117054751416,0.6479546884833228,0.6474068479355488,0.6537009063444109,0.6504185370596061,0.002771495850959845,81,0.5459092558912816,0.548970922011684,0.5440188999593286,0.5520719059738322,0.5477427459590316,0.003060994842698144,81,0.07135362014690451,0.08512087163772557,0.06984785615491008,0.08611780916293489,0.07811003927561876,0.007536395331004577,83
0.009535074234008789,0.0002954234694756019,0.012139320373535156,0.0003820774705914217,0.01519911082952933,{'var_smoothing': 0.01519911082952933},0.653492762743864,0.6488357457520453,0.648036253776435,0.654330312185297,0.6511737686144103,0.002768205707258931,72,0.5478787126630488,0.550845040510181,0.5454512240209702,0.5534634023916456,0.5494095948964614,0.003021016373609781,80,0.07590529247910865,0.08952187182095626,0.07302790217016879,0.08925506350841057,0.08192753249466107,0.00753056264959528,74
0.010256528854370117,0.0005778325245417507,0.012198865413665771,0.00037736349276503426,0.012328467394420659,{'var_smoothing': 0.012328467394420659},0.653492762743864,0.6487098804279421,0.6479103726082578,0.654330312185297,0.6511108319913402,0.002830466194005994,74,0.5480875929482466,0.5508919362197634,0.5454313180952665,0.5535856714246525,0.5494991296719822,0.0030487399250336586,74,0.07569444444444444,0.08934010152284265,0.07295251204404679,0.08910212474297464,0.08177229568857713,0.0075121058697605455,75
0.010221302509307861,0.0006041164633613363,0.012239813804626465,0.00024964944212317087,0.01,{'var_smoothing': 0.01},0.6533668974197608,0.6485840151038389,0.6476586102719033,0.6539526686807654,0.6508905478690671,0.0027961761832764193,76,0.5480411680787762,0.5508672231844629,0.54534048027955,0.5534180484538842,0.5494167299991684,0.0030258247731055708,79,0.07564191533657183,0.08924949290060852,0.07285223367697594,0.08894970920287378,0.08167333777925752,0.0074922233312717966,76
0.011507153511047363,0.0006070588490080528,0.012692451477050781,0.0003652687403989712,0.008111308307896872,{'var_smoothing': 0.008111308307896872},0.6533668974197608,0.6485840151038389,0.6476586102719033,0.6539526686807654,0.6508905478690671,0.0027961761832764193,76,0.5480673703220185,0.5508672231844629,0.5453660699614743,0.5534671612886162,0.5494419561891429,0.003030511382084341,75,0.07561567811307666,0.08924949290060852,0.0728272071453109,0.08888888888888889,0.08164531676197125,0.007490134033396194,77
0.011881649494171143,0.000784100465834971,0.012960672378540039,0.00022989343817388468,0.006579332246575682,{'var_smoothing': 0.006579332246575682},0.6533668974197608,0.6485840151038389,0.6476586102719033,0.6539526686807654,0.6508905478690671,0.0027961761832764193,76,0.5480673703220185,0.5508672231844629,0.5453660699614743,0.5534671612886162,0.5494419561891429,0.003030511382084341,75,0.07561567811307666,0.08924949290060852,0.0728272071453109,0.08888888888888889,0.08164531676197125,0.007490134033396194,77
0.010602831840515137,0.0005090155282587238,0.012440323829650879,0.00041395276033667495,0.005336699231206307,{'var_smoothing': 0.005336699231206307},0.6533668974197608,0.6485840151038389,0.6476586102719033,0.6538267875125882,0.6508590775770228,0.0027620356104380932,79,0.5480673703220185,0.5508672231844629,0.5453660699614743,0.5533941822628788,0.5494237114327086,0.0030063466328882544,77,0.07561567811307666,0.08924949290060852,0.0728272071453109,0.0888585099111415,0.08163772201753439,0.00748279725239442,79
0.010265707969665527,0.00035218066002658434,0.012453734874725342,0.0002488209656794881,0.004328761281083057,{'var_smoothing': 0.004328761281083057},0.6533668974197608,0.6485840151038389,0.6476586102719033,0.6538267875125882,0.6508590775770228,0.0027620356104380932,79,0.5480673703220185,0.5508672231844629,0.5453660699614743,0.5533941822628788,0.5494237114327086,0.0030063466328882544,77,0.07561567811307666,0.08924949290060852,0.0728272071453109,0.0888585099111415,0.08163772201753439,0.00748279725239442,79
0.010512471199035645,0.000506554301899264,0.01251077651977539,0.0005722796619362445,0.003511191734215131,{'var_smoothing': 0.003511191734215131},0.6533668974197608,0.6485840151038389,0.6481621349446123,0.6538267875125882,0.6509849587452,0.0026211870960826306,75,0.5480673703220185,0.5508672231844629,0.5464365695602691,0.5533941822628788,0.5496913363324073,0.0026610406901041604,73,0.07561567811307666,0.08924949290060852,0.07547169811320754,0.0888585099111415,0.08229884475950855,0.00675676261676039,73
0.010586082935333252,0.0007473279208303413,0.012386560440063477,6.311588718757629e-05,0.002848035868435802,{'var_smoothing': 0.002848035868435802},0.6532410320956576,0.6485840151038389,0.6482880161127895,0.6544561933534743,0.6511423141664401,0.0027421854279687722,73,0.5479979918961521,0.5508672231844629,0.5467038555106333,0.5547154972428806,0.5500711419585322,0.0030757255456593025,72,0.07558945908460471,0.08924949290060852,0.07613168724279835,0.09211873080859774,0.08327234250915233,0.00748332426289859,72
0.010861814022064209,0.00034115767503427563,0.012394189834594727,0.00025313204936582815,0.0023101297000831605,{'var_smoothing': 0.0023101297000831605},0.6533668974197608,0.6484581497797357,0.6481621349446123,0.654833836858006,0.6512052547505287,0.0029430626485799556,69,0.5482661937404262,0.5507941159692321,0.5466326130377329,0.5555066939199943,0.5502999041668464,0.0033518616902889972,71,0.07625649913344888,0.0892193308550186,0.07610558793280767,0.09406952965235173,0.08391273689340673,0.007919752681611348,71
0.01001584529876709,0.00040718743704440993,0.012118756771087646,0.00036853491132039274,0.001873817422860383,{'var_smoothing': 0.001873817422860383},0.6533668974197608,0.6487098804279421,0.648036253776435,0.6547079556898288,0.6512052468284917,0.00288145245852672,70,0.5482661937404262,0.5513192374808686,0.5465613559137203,0.5554331158596554,0.5503949757486677,0.0033714043589084877,70,0.07625649913344888,0.09050996285038838,0.07607950651130913,0.09403747870528109,0.08422086180010688,0.008149102682321762,70
0.01037907600402832,0.00047908349213275755,0.011983275413513184,7.634840824375538e-05,0.0015199110829529332,{'var_smoothing': 0.0015199110829529332},0.6533668974197608,0.6487098804279421,0.6481621349446123,0.6547079556898288,0.651236717120536,0.0028471531632359563,68,0.5482661937404262,0.5513192374808686,0.5472189481895793,0.5554331158596554,0.5505593738176324,0.003191703014142244,69,0.07625649913344888,0.09050996285038838,0.078002052685597,0.09403747870528109,0.08470149834367885,0.007699015732941187,69
0.009822249412536621,0.0007384587707322099,0.012051641941070557,0.00019098164381455755,0.0012328467394420659,{'var_smoothing': 0.0012328467394420659},0.6533668974197608,0.6488357457520453,0.6481621349446123,0.6547079556898288,0.6512681834515618,0.0028196153931440014,66,0.5482661937404262,0.5517704329674081,0.5472189481895793,0.5554331158596554,0.5506721726892673,0.00322437008025285,67,0.07625649913344888,0.09176788124156544,0.078002052685597,0.09403747870528109,0.08501597794147311,0.007951403817698294,68
0.010028183460235596,0.00042590399138180444,0.011860191822052002,0.0001983824804508713,0.001,{'var_smoothing': 0.001},0.653492762743864,0.6487098804279421,0.6479103726082578,0.6545820745216515,0.6511737725754289,0.0029032215476132387,71,0.5485342561531881,0.5516970107797027,0.5470758836788515,0.5553595243368875,0.5506666687371574,0.003182978917923357,68,0.07692307692307691,0.09173693086003372,0.07794871794871795,0.09400544959128065,0.0851535438307773,0.007767678576630176,67
0.010167360305786133,0.0005729314786624509,0.012024223804473877,0.00011862089561332662,0.0008111308307896872,{'var_smoothing': 0.0008111308307896872},0.653492762743864,0.6488357457520453,0.6479103726082578,0.654833836858006,0.6512681794905433,0.0029518758469828763,67,0.5485342561531881,0.5521472333937513,0.5470758836788515,0.5559222619829641,0.5509199088021887,0.0034277445466661983,66,0.07692307692307691,0.09299191374663072,0.07794871794871795,0.0952705001701259,0.08578355219713787,0.008394273462498823,66
0.009965837001800537,0.0006429759741286138,0.012288868427276611,0.00011057525919731632,0.0006579332246575676,{'var_smoothing': 0.0006579332246575676},0.6537444933920705,0.649213341724355,0.6479103726082578,0.654833836858006,0.6514255111456724,0.0029259295662358866,62,0.5491068481173849,0.5529317578867531,0.5470758836788515,0.5559222619829641,0.5512591879164883,0.0034159314619260682,65,0.07822776047075113,0.09491753618310332,0.07794871794871795,0.0952705001701259,0.08659112869317458,0.008504377437869854,65
0.010250449180603027,0.000672094119483782,0.011911869049072266,0.0002856318758878701,0.0005336699231206307,{'var_smoothing': 0.0005336699231206307},0.6537444933920705,0.6489616110761485,0.6479103726082578,0.6552114803625377,0.6514569893597537,0.0030876479943531447,60,0.5491068481173849,0.5527841320336514,0.5470758836788515,0.5567108825338049,0.5514194365909232,0.0036768298561991757,60,0.07822776047075113,0.09485368314833502,0.07794871794871795,0.09721278042148199,0.08706073549732152,0.009011719603656185,60
0.009997010231018066,0.0003916781713833669,0.01217418909072876,0.0002620948667131977,0.0004328761281083057,{'var_smoothing': 0.0004328761281083057},0.6537444933920705,0.6489616110761485,0.6477844914400805,0.6552114803625377,0.6514255190677094,0.003124062644179002,61,0.5491068481173849,0.5527841320336514,0.5470043295259691,0.5567108825338049,0.5514015480527026,0.003698031559546004,61,0.07822776047075113,0.09485368314833502,0.07792207792207792,0.09721278042148199,0.08705407549066152,0.0090184585976267,61
0.009851574897766113,0.0004492366766148703,0.012209415435791016,0.0005478755455683048,0.0003511191734215131,{'var_smoothing': 0.0003511191734215131},0.6537444933920705,0.6488357457520453,0.6477844914400805,0.6552114803625377,0.6513940527366835,0.0031492535756395515,63,0.5491068481173849,0.5527102983514073,0.5470043295259691,0.5567108825338049,0.5513830896321416,0.003691262510592342,62,0.07822776047075113,0.09482178883658372,0.07792207792207792,0.09721278042148199,0.08704610191272369,0.00901157059850593,62
0.010280847549438477,0.00048758205373379646,0.012083947658538818,0.0003068217566361963,0.0002848035868435802,{'var_smoothing': 0.0002848035868435802},0.6536186280679672,0.6488357457520453,0.6476586102719033,0.6552114803625377,0.6513311161136134,0.0031624401197662693,64,0.5490371553700818,0.5527102983514073,0.5469327607527891,0.5567108825338049,0.5513477742520208,0.003723261546665808,63,0.0782006920415225,0.09482178883658372,0.07789545609839425,0.09721278042148199,0.08703267934949563,0.009024931204535158,63
0.009839773178100586,0.0005455585753120927,0.012012064456939697,0.0001355708267799196,0.0002310129700083158,{'var_smoothing': 0.0002310129700083158},0.6536186280679672,0.6488357457520453,0.6476586102719033,0.6552114803625377,0.6513311161136134,0.0031624401197662693,64,0.5490371553700818,0.5527102983514073,0.5469327607527891,0.5567108825338049,0.5513477742520208,0.003723261546665808,63,0.0782006920415225,0.09482178883658372,0.07789545609839425,0.09721278042148199,0.08703267934949563,0.009024931204535158,63
0.010346412658691406,0.0004877474559092992,0.012339770793914795,0.0002809295523872255,0.0001873817422860383,{'var_smoothing': 0.0001873817422860383},0.6543738200125865,0.649213341724355,0.6486656596173213,0.6563444108761329,0.6521493080575989,0.003290252492641924,59,0.5505742705201047,0.5534524471972321,0.5489509455140577,0.5589580022519991,0.5529839163708484,0.0038072454054199705,59,0.08218232044198895,0.0967416862613369,0.08313458262350938,0.10301592680447307,0.09126862903282708,0.008897711435520025,59
0.010967731475830078,0.000541288600188408,0.012940824031829834,0.00011781803036387114,0.0001519911082952933,{'var_smoothing': 0.0001519911082952933},0.6733794839521712,0.6650723725613593,0.6633937562940584,0.6696878147029205,0.6678833568776273,0.003921786171156038,58,0.5884205934777146,0.5841838430235292,0.5787359649808326,0.5850922617973408,0.5841081658198543,0.0034796460341220458,58,0.17991494929669608,0.1761491481838637,0.1610169491525424,0.17042115572967678,0.17187555059069473,0.007122500571196806,58
0.010660052299499512,0.000944396464237411,0.01240009069442749,0.0006029873449986109,0.0001232846739442066,{'var_smoothing': 0.0001232846739442066},0.6758967904342353,0.66784140969163,0.6642749244712991,0.6733383685800605,0.6703378732943063,0.0045523678091275175,8,0.5935404242307527,0.5896673979366683,0.5806837554761727,0.5920066200100641,0.5889745494134145,0.004981414661937184,7,0.19331819656179045,0.19050653074227464,0.1662877557648587,0.1881060116354234,0.1845546236760868,0.010706496009100645,7
0.009865403175354004,0.00043005360465515555,0.012170732021331787,0.0001971937406899983,0.0001,{'var_smoothing': 0.0001},0.6757709251101321,0.66784140969163,0.6644008056394763,0.6732124874118832,0.6703064069632804,0.004451364978744832,10,0.5934547031945864,0.5896673979366683,0.580764458512128,0.5919235946714262,0.5889525385787022,0.0049155960882921795,8,0.19325551232166016,0.19050653074227464,0.1663417803768681,0.18804523424878836,0.18453726442239782,0.010665616236118303,8
0.010590314865112305,0.00026564173968080543,0.012071549892425537,9.161439432929856e-05,8.111308307896872e-05,{'var_smoothing': 8.111308307896872e-05},0.6757709251101321,0.66784140969163,0.6644008056394763,0.6732124874118832,0.6703064069632804,0.004451364978744832,10,0.5934547031945864,0.5896673979366683,0.580764458512128,0.5919235946714262,0.5889525385787022,0.0049155960882921795,8,0.19325551232166016,0.19050653074227464,0.1663417803768681,0.18804523424878836,0.18453726442239782,0.010665616236118303,8
0.009788095951080322,0.0007246035321540415,0.012111067771911621,0.00027215888086747796,6.579332246575683e-05,{'var_smoothing': 6.579332246575683e-05},0.6758967904342353,0.66784140969163,0.6645266868076536,0.6732124874118832,0.6703693435863506,0.004448685858728023,6,0.5935112623617033,0.5896673979366683,0.5808451525651736,0.5919235946714262,0.5889868518837429,0.004895027045334692,5,0.1933809214795587,0.19050653074227464,0.16639584010399738,0.18804523424878836,0.18458213164365478,0.010668311568322692,5
0.010072946548461914,0.0005020460415144036,0.01195991039276123,0.0002468470359701429,5.3366992312063123e-05,{'var_smoothing': 5.3366992312063123e-05},0.6758967904342353,0.66784140969163,0.6645266868076536,0.6732124874118832,0.6703693435863506,0.004448685858728023,6,0.5935112623617033,0.5896673979366683,0.5808451525651736,0.5919235946714262,0.5889868518837429,0.004895027045334692,5,0.1933809214795587,0.19050653074227464,0.16639584010399738,0.18804523424878836,0.18458213164365478,0.010668311568322692,5
0.009997904300689697,0.0005694367695234843,0.011989772319793701,0.0002052812608630918,4.328761281083062e-05,{'var_smoothing': 4.328761281083062e-05},0.6758967904342353,0.6680931403398364,0.6645266868076536,0.6732124874118832,0.6704322762484022,0.0044141259848960975,3,0.5935112623617033,0.5898342673564968,0.5808451525651736,0.5919235946714262,0.5890285692387,0.004901356133783899,3,0.1933809214795587,0.19062798852406762,0.16639584010399738,0.18804523424878836,0.18461249608910302,0.010685289883944998,4
0.009748399257659912,0.0005053809290674344,0.012062132358551025,0.00025044378737035087,3.511191734215127e-05,{'var_smoothing': 3.511191734215127e-05},0.6758967904342353,0.6680931403398364,0.6645266868076536,0.6732124874118832,0.6704322762484022,0.0044141259848960975,3,0.5935112623617033,0.5898342673564968,0.5808451525651736,0.5918967736673036,0.5890218639876693,0.004897407792579886,4,0.1933809214795587,0.19062798852406762,0.16639584010399738,0.1881060116354234,0.18462769043576177,0.010690202474023703,3
0.009901642799377441,0.0005007407882594932,0.011786580085754395,3.3537240765216406e-05,2.848035868435799e-05,{'var_smoothing': 2.848035868435799e-05},0.6758967904342353,0.6680931403398364,0.6645266868076536,0.6733383685800605,0.6704637465404465,0.004434238092716517,2,0.5935112623617033,0.5898342673564968,0.5808451525651736,0.5919799741490662,0.5890426641081099,0.00490973501902475,2,0.1933809214795587,0.19062798852406762,0.16639584010399738,0.18816682832201748,0.1846428946074103,0.01069518080357998,2
0.01012951135635376,0.0005218000550204603,0.011897146701812744,8.342493578956089e-05,2.310129700083158e-05,{'var_smoothing': 2.310129700083158e-05},0.6758967904342353,0.6682190056639395,0.6645266868076536,0.6733383685800605,0.6704952128714722,0.004417719920273633,1,0.5935112623617033,0.5899176899458175,0.5808451525651736,0.5919799741490662,0.5890635197554401,0.004913229246377804,1,0.1933809214795587,0.1906887755102041,0.16639584010399738,0.18816682832201748,0.1846580913539444,0.010703713988847521,1
0.009921550750732422,0.0002400977488609899,0.011927247047424316,0.00016028915826821373,1.873817422860383e-05,{'var_smoothing': 1.873817422860383e-05},0.6758967904342353,0.6682190056639395,0.6646525679758308,0.6729607250755287,0.6704322722873836,0.004317336075480572,5,0.5935112623617033,0.5899176899458175,0.5809258376569632,0.5912524652988828,0.5889018138158417,0.004780710676513536,10,0.1933809214795587,0.1906887755102041,0.16644993498049415,0.18640776699029124,0.18423184974013707,0.010563244204456847,10
0.010143101215362549,0.0005696472343515653,0.012091338634490967,9.50730332069201e-05,1.5199110829529332e-05,{'var_smoothing': 1.5199110829529332e-05},0.6758967904342353,0.66784140969163,0.6646525679758308,0.6729607250755287,0.6703378732943063,0.004368522013182252,8,0.5935112623617033,0.5891975384095132,0.5809258376569632,0.5912524652988828,0.5887217759317656,0.004752540700908282,11,0.1933809214795587,0.1889562719438238,0.16644993498049415,0.18640776699029124,0.18379872384854198,0.010322383386343205,11
0.010199546813964844,0.00042356008403103047,0.011797308921813965,7.429359732809149e-05,1.2328467394420658e-05,{'var_smoothing': 1.2328467394420658e-05},0.6758967904342353,0.6675896790434236,0.6646525679758308,0.6729607250755287,0.6702749406322547,0.004405687726108068,12,0.5935112623617033,0.5887169014727553,0.5809258376569632,0.5912524652988828,0.5886016166975762,0.004745063047896026,12,0.1933809214795587,0.18779942510380068,0.16644993498049415,0.18640776699029124,0.18350951213853622,0.010189174765707014,12
0.009971439838409424,0.0003398201835300336,0.012038469314575195,0.00010126069589389698,1e-05,{'var_smoothing': 1e-05},0.675645059786029,0.6675896790434236,0.6646525679758308,0.6729607250755287,0.6702120079702031,0.004326010859030779,14,0.5930284356458854,0.5887169014727553,0.5809258376569632,0.5912524652988828,0.5884809100186217,0.004623210960968679,13,0.19220779220779222,0.18779942510380068,0.16644993498049415,0.18640776699029124,0.1832162298205946,0.009913985391072598,13
0.010060012340545654,0.0002829985537419296,0.01187145709991455,0.0001952537902052499,8.111308307896873e-06,{'var_smoothing': 8.111308307896873e-06},0.675645059786029,0.6675896790434236,0.6646525679758308,0.6727089627391742,0.6701490673861145,0.00428721853695625,18,0.5930284356458854,0.5887169014727553,0.5809258376569632,0.5907669040270015,0.5883595197006514,0.0045547125555873815,14,0.19220779220779222,0.18779942510380068,0.16644993498049415,0.18523316062176168,0.1829225782284622,0.00983216152047068,14
0.010065615177154541,0.0004100239645844081,0.011929571628570557,0.00018028830625033647,6.579332246575683e-06,{'var_smoothing': 6.579332246575683e-06},0.675645059786029,0.6675896790434236,0.6646525679758308,0.6727089627391742,0.6701490673861145,0.00428721853695625,18,0.5930284356458854,0.5887169014727553,0.5809258376569632,0.5907669040270015,0.5883595197006514,0.0045547125555873815,14,0.19220779220779222,0.18779942510380068,0.16644993498049415,0.18523316062176168,0.1829225782284622,0.00983216152047068,14
0.009834110736846924,0.00031049232310630614,0.012033283710479736,0.0001674718164929508,5.336699231206313e-06,{'var_smoothing': 5.336699231206313e-06},0.675645059786029,0.6673379483952171,0.6646525679758308,0.6727089627391742,0.6700861347240629,0.0043259984496921465,24,0.5930284356458854,0.5882358346322977,0.5809258376569632,0.5907669040270015,0.5882392529905369,0.004550036972238681,20,0.19220779220779222,0.18664109939277723,0.16644993498049415,0.18523316062176168,0.18263299680070633,0.009700437300055764,17
0.009976744651794434,0.0003425148848375505,0.011835873126983643,0.00015008353684871343,4.328761281083053e-06,{'var_smoothing': 4.328761281083053e-06},0.675645059786029,0.6675896790434236,0.6646525679758308,0.6727089627391742,0.6701490673861145,0.00428721853695625,18,0.5930284356458854,0.5884018472932063,0.5809258376569632,0.5907669040270015,0.5882807561557641,0.004550573616758325,17,0.19220779220779222,0.18676047329708986,0.16644993498049415,0.18523316062176168,0.18266284027678448,0.009712897978418029,16
0.009764611721038818,0.00039135421631667405,0.01198875904083252,0.0003738159077740355,3.5111917342151275e-06,{'var_smoothing': 3.5111917342151275e-06},0.6755191944619258,0.6675896790434236,0.6646525679758308,0.6727089627391742,0.6701176010550886,0.004247038467125533,23,0.5927868537794557,0.5884018472932063,0.5809258376569632,0.5907669040270015,0.5882203606891567,0.0044883389402406455,21,0.19162065605716141,0.18676047329708986,0.16644993498049415,0.18523316062176168,0.18251605623912676,0.00957094199297678,21
0.009924173355102539,0.00048589955016671034,0.01199871301651001,0.00024817881776348073,2.848035868435799e-06,{'var_smoothing': 2.848035868435799e-06},0.6755191944619258,0.6675896790434236,0.6647784491440081,0.6728348439073515,0.6701805416391772,0.004226159805577461,15,0.5927868537794557,0.5884018472932063,0.5810065138091591,0.5908497998593968,0.5882612536853045,0.004467455784356068,18,0.19162065605716141,0.18676047329708986,0.1665040650406504,0.18529316488500158,0.18254458981997582,0.009552509512146761,19
0.009762287139892578,0.0006681586353374636,0.011943578720092773,0.00022664573496504277,2.310129700083158e-06,{'var_smoothing': 2.310129700083158e-06},0.6755191944619258,0.6675896790434236,0.6647784491440081,0.6728348439073515,0.6701805416391772,0.004226159805577461,15,0.5927868537794557,0.5884018472932063,0.5810065138091591,0.5908497998593968,0.5882612536853045,0.004467455784356068,18,0.19162065605716141,0.18676047329708986,0.1665040650406504,0.18529316488500158,0.18254458981997582,0.009552509512146761,19
0.010143458843231201,0.00048700108058004896,0.011845707893371582,0.0002443795378610218,1.873817422860383e-06,{'var_smoothing': 1.873817422860383e-06},0.6755191944619258,0.6675896790434236,0.6649043303121853,0.6728348439073515,0.6702120119312215,0.0041860944785295845,13,0.5927868537794557,0.5884018472932063,0.5810871810434316,0.5908497998593968,0.5882814204938727,0.004434723371879303,16,0.19162065605716141,0.18676047329708986,0.16655823031880285,0.18529316488500158,0.1825581311395139,0.009529772732781576,18
0.01039355993270874,0.0004331010932261341,0.012482821941375732,0.0003653418116519137,1.519911082952933e-06,{'var_smoothing': 1.519911082952933e-06},0.6755191944619258,0.6673379483952171,0.6649043303121853,0.6728348439073515,0.6701490792691699,0.0042267397982208325,17,0.5927868537794557,0.5879201171946559,0.5810871810434316,0.5908497998593968,0.588160987969235,0.004436358501869381,22,0.19162065605716141,0.1856,0.16655823031880285,0.18529316488500158,0.18226801281524146,0.009414389057987367,22
0.010814368724822998,0.0005022837935264766,0.012520432472229004,0.00021907479409169334,1.232846739442066e-06,{'var_smoothing': 1.232846739442066e-06},0.6755191944619258,0.6673379483952171,0.6649043303121853,0.6724572004028198,0.670054668393037,0.004169525006197385,26,0.5927868537794557,0.5879201171946559,0.5810871810434316,0.590120443122706,0.5879786487850622,0.0043359506406866625,26,0.19162065605716141,0.1856,0.16655823031880285,0.18352788586251625,0.18182669305962013,0.009302950713132339,26
0.010309576988220215,0.00024807327129038395,0.012794256210327148,0.00026143605538511683,1e-06,{'var_smoothing': 1e-06},0.6755191944619258,0.6673379483952171,0.6649043303121853,0.6724572004028198,0.670054668393037,0.004169525006197385,26,0.5927868537794557,0.5879201171946559,0.5810871810434316,0.590120443122706,0.5879786487850622,0.0043359506406866625,26,0.19162065605716141,0.1856,0.16655823031880285,0.18352788586251625,0.18182669305962013,0.009302950713132339,26
0.010774672031402588,0.0007877752206162601,0.012256026268005371,8.443224629019122e-05,8.111308307896872e-07,{'var_smoothing': 8.111308307896872e-07},0.6755191944619258,0.6673379483952171,0.6649043303121853,0.6724572004028198,0.670054668393037,0.004169525006197385,26,0.5927868537794557,0.5879201171946559,0.5810871810434316,0.590120443122706,0.5879786487850622,0.0043359506406866625,26,0.19162065605716141,0.1856,0.16655823031880285,0.18352788586251625,0.18182669305962013,0.009302950713132339,26
0.010266900062561035,0.00038026416165754754,0.012559890747070312,0.0002526860726442891,6.579332246575682e-07,{'var_smoothing': 6.579332246575682e-07},0.6755191944619258,0.6673379483952171,0.6649043303121853,0.6724572004028198,0.670054668393037,0.004169525006197385,26,0.5927868537794557,0.5879201171946559,0.5810871810434316,0.590120443122706,0.5879786487850622,0.0043359506406866625,26,0.19162065605716141,0.1856,0.16655823031880285,0.18352788586251625,0.18182669305962013,0.009302950713132339,26
0.010270118713378906,0.0006681535733715544,0.011781454086303711,0.00024025430870489674,5.336699231206313e-07,{'var_smoothing': 5.336699231206313e-07},0.6755191944619258,0.6674638137193203,0.6649043303121853,0.6724572004028198,0.6700861347240629,0.00414932991527046,24,0.5927868537794557,0.5880029949714314,0.5810871810434316,0.590120443122706,0.5879993682292561,0.004335819456634718,25,0.19162065605716141,0.1856594110115237,0.16655823031880285,0.18352788586251625,0.18184154581250106,0.00930900863544731,25
0.010192155838012695,0.0007431843657915191,0.012384772300720215,0.0003248570378838963,4.3287612810830526e-07,{'var_smoothing': 4.3287612810830526e-07},0.6755191944619258,0.6674638137193203,0.6649043303121853,0.672583081570997,0.6701176050161072,0.004167630758876784,21,0.5927868537794557,0.5880029949714314,0.5810871810434316,0.5902031519463857,0.588020045435176,0.004346070501700717,23,0.19162065605716141,0.1856594110115237,0.16655823031880285,0.1835874148556601,0.18185642806078703,0.009311739863280788,23
0.010620474815368652,0.00037918323856367793,0.012269854545593262,0.0004185708753486459,3.5111917342151277e-07,{'var_smoothing': 3.5111917342151277e-07},0.6755191944619258,0.6674638137193203,0.6649043303121853,0.672583081570997,0.6701176050161072,0.004167630758876784,21,0.5927868537794557,0.5880029949714314,0.5810871810434316,0.5902031519463857,0.588020045435176,0.004346070501700717,23,0.19162065605716141,0.1856594110115237,0.16655823031880285,0.1835874148556601,0.18185642806078703,0.009311739863280788,23
0.00985562801361084,0.000751127290040129,0.012053489685058594,0.00020843341171439947,2.848035868435799e-07,{'var_smoothing': 2.848035868435799e-07},0.6753933291378226,0.6674638137193203,0.6649043303121853,0.6719536757301108,0.6699287872248597,0.0040398840771598415,30,0.5925451593995957,0.5880029949714314,0.5810871810434316,0.5889850182301741,0.5876550884111582,0.004151504358698924,30,0.19103313840155947,0.1856594110115237,0.16655823031880285,0.1806367771280052,0.1809718892149728,0.009097629618116217,30
0.010249972343444824,0.0007390136921081134,0.012030303478240967,0.0003572734576698737,2.310129700083158e-07,{'var_smoothing': 2.310129700083158e-07},0.6753933291378226,0.6674638137193203,0.6649043303121853,0.6719536757301108,0.6699287872248597,0.0040398840771598415,30,0.5925451593995957,0.5880029949714314,0.5810871810434316,0.5889850182301741,0.5876550884111582,0.004151504358698924,30,0.19103313840155947,0.1856594110115237,0.16655823031880285,0.1806367771280052,0.1809718892149728,0.009097629618116217,30
0.009935557842254639,0.0005019838885706534,0.011844098567962646,0.00011756131899809998,1.873817422860383e-07,{'var_smoothing': 1.873817422860383e-07},0.6753933291378226,0.6674638137193203,0.6649043303121853,0.6719536757301108,0.6699287872248597,0.0040398840771598415,30,0.5925451593995957,0.5880029949714314,0.5810871810434316,0.5889850182301741,0.5876550884111582,0.004151504358698924,30,0.19103313840155947,0.1856594110115237,0.16655823031880285,0.1806367771280052,0.1809718892149728,0.009097629618116217,30
0.010187625885009766,0.0007206684783402412,0.012324392795562744,0.00013775884248797072,1.519911082952933e-07,{'var_smoothing': 1.519911082952933e-07},0.6753933291378226,0.6674638137193203,0.6649043303121853,0.6719536757301108,0.6699287872248597,0.0040398840771598415,30,0.5925451593995957,0.5880029949714314,0.5810871810434316,0.5889850182301741,0.5876550884111582,0.004151504358698924,30,0.19103313840155947,0.1856594110115237,0.16655823031880285,0.1806367771280052,0.1809718892149728,0.009097629618116217,30
0.01065915822982788,0.0004169669114841682,0.012319564819335938,0.00015639032120982286,1.232846739442066e-07,{'var_smoothing': 1.232846739442066e-07},0.6753933291378226,0.6674638137193203,0.6649043303121853,0.6719536757301108,0.6699287872248597,0.0040398840771598415,30,0.5925451593995957,0.5880029949714314,0.5810871810434316,0.5889850182301741,0.5876550884111582,0.004151504358698924,30,0.19103313840155947,0.1856594110115237,0.16655823031880285,0.1806367771280052,0.1809718892149728,0.009097629618116217,30
0.010250568389892578,0.0004488433178500136,0.012460589408874512,0.0003514190580875769,1e-07,{'var_smoothing': 1e-07},0.6753933291378226,0.6674638137193203,0.6649043303121853,0.6719536757301108,0.6699287872248597,0.0040398840771598415,30,0.5925451593995957,0.5880029949714314,0.5810871810434316,0.5889850182301741,0.5876550884111582,0.004151504358698924,30,0.19103313840155947,0.1856594110115237,0.16655823031880285,0.1806367771280052,0.1809718892149728,0.009097629618116217,30
0.0105971097946167,0.0006750963946506469,0.012444913387298584,0.0002147022764119551,8.111308307896873e-08,{'var_smoothing': 8.111308307896873e-08},0.6753933291378226,0.6674638137193203,0.6649043303121853,0.6719536757301108,0.6699287872248597,0.0040398840771598415,30,0.5925451593995957,0.5880029949714314,0.5810871810434316,0.5889850182301741,0.5876550884111582,0.004151504358698924,30,0.19103313840155947,0.1856594110115237,0.16655823031880285,0.1806367771280052,0.1809718892149728,0.009097629618116217,30
0.010296344757080078,0.00044332416995152625,0.012337327003479004,9.112745156543826e-05,6.579332246575682e-08,{'var_smoothing': 6.579332246575682e-08},0.6753933291378226,0.6674638137193203,0.6649043303121853,0.6719536757301108,0.6699287872248597,0.0040398840771598415,30,0.5925451593995957,0.5880029949714314,0.5810871810434316,0.5889850182301741,0.5876550884111582,0.004151504358698924,30,0.19103313840155947,0.1856594110115237,0.16655823031880285,0.1806367771280052,0.1809718892149728,0.009097629618116217,30
0.010161340236663818,0.0005175799762803619,0.011861562728881836,0.00018592537523222063,5.336699231206302e-08,{'var_smoothing': 5.336699231206302e-08},0.6753933291378226,0.6674638137193203,0.6649043303121853,0.6719536757301108,0.6699287872248597,0.0040398840771598415,30,0.5925451593995957,0.5880029949714314,0.5810871810434316,0.5889850182301741,0.5876550884111582,0.004151504358698924,30,0.19103313840155947,0.1856594110115237,0.16655823031880285,0.1806367771280052,0.1809718892149728,0.009097629618116217,30
0.009870707988739014,0.0006935308041407536,0.012066841125488281,9.820776439090978e-05,4.3287612810830526e-08,{'var_smoothing': 4.3287612810830526e-08},0.6753933291378226,0.6674638137193203,0.6649043303121853,0.6719536757301108,0.6699287872248597,0.0040398840771598415,30,0.5925451593995957,0.5880029949714314,0.5810871810434316,0.5889850182301741,0.5876550884111582,0.004151504358698924,30,0.19103313840155947,0.1856594110115237,0.16655823031880285,0.1806367771280052,0.1809718892149728,0.009097629618116217,30
0.010058343410491943,0.0005327427905944125,0.01179128885269165,0.00025908703431871206,3.5111917342151277e-08,{'var_smoothing': 3.5111917342151277e-08},0.6753933291378226,0.6674638137193203,0.6649043303121853,0.6719536757301108,0.6699287872248597,0.0040398840771598415,30,0.5925451593995957,0.5880029949714314,0.5810871810434316,0.5889850182301741,0.5876550884111582,0.004151504358698924,30,0.19103313840155947,0.1856594110115237,0.16655823031880285,0.1806367771280052,0.1809718892149728,0.009097629618116217,30
0.010244429111480713,0.0006336817876928725,0.012004613876342773,0.0002693319093163141,2.848035868435799e-08,{'var_smoothing': 2.848035868435799e-08},0.6753933291378226,0.6674638137193203,0.6649043303121853,0.6719536757301108,0.6699287872248597,0.0040398840771598415,30,0.5925451593995957,0.5880029949714314,0.5810871810434316,0.5889850182301741,0.5876550884111582,0.004151504358698924,30,0.19103313840155947,0.1856594110115237,0.16655823031880285,0.1806367771280052,0.1809718892149728,0.009097629618116217,30
0.0098419189453125,0.0007049315116929929,0.011972308158874512,0.0001713310397820505,2.310129700083158e-08,{'var_smoothing': 2.310129700083158e-08},0.6753933291378226,0.6674638137193203,0.6649043303121853,0.6719536757301108,0.6699287872248597,0.0040398840771598415,30,0.5925451593995957,0.5880029949714314,0.5810871810434316,0.5889850182301741,0.5876550884111582,0.004151504358698924,30,0.19103313840155947,0.1856594110115237,0.16655823031880285,0.1806367771280052,0.1809718892149728,0.009097629618116217,30
0.010071933269500732,0.000532579141691332,0.011665761470794678,0.000323733117716607,1.873817422860383e-08,{'var_smoothing': 1.873817422860383e-08},0.6753933291378226,0.6674638137193203,0.6649043303121853,0.6719536757301108,0.6699287872248597,0.0040398840771598415,30,0.5925451593995957,0.5880029949714314,0.5810871810434316,0.5889850182301741,0.5876550884111582,0.004151504358698924,30,0.19103313840155947,0.1856594110115237,0.16655823031880285,0.1806367771280052,0.1809718892149728,0.009097629618116217,30
0.009715557098388672,0.0004104088279595685,0.011525332927703857,0.00026403845144411323,1.519911082952933e-08,{'var_smoothing': 1.519911082952933e-08},0.6753933291378226,0.6674638137193203,0.6649043303121853,0.6719536757301108,0.6699287872248597,0.0040398840771598415,30,0.5925451593995957,0.5880029949714314,0.5810871810434316,0.5889850182301741,0.5876550884111582,0.004151504358698924,30,0.19103313840155947,0.1856594110115237,0.16655823031880285,0.1806367771280052,0.1809718892149728,0.009097629618116217,30
0.00931483507156372,0.00038359624402882877,0.011219620704650879,0.0002719783127117623,1.232846739442066e-08,{'var_smoothing': 1.232846739442066e-08},0.6753933291378226,0.6674638137193203,0.6649043303121853,0.6719536757301108,0.6699287872248597,0.0040398840771598415,30,0.5925451593995957,0.5880029949714314,0.5810871810434316,0.5889850182301741,0.5876550884111582,0.004151504358698924,30,0.19103313840155947,0.1856594110115237,0.16655823031880285,0.1806367771280052,0.1809718892149728,0.009097629618116217,30
0.009011805057525635,0.0005233982213630451,0.010809719562530518,0.00043015470444368755,1e-08,{'var_smoothing': 1e-08},0.6753933291378226,0.6674638137193203,0.6649043303121853,0.6719536757301108,0.6699287872248597,0.0040398840771598415,30,0.5925451593995957,0.5880029949714314,0.5810871810434316,0.5889850182301741,0.5876550884111582,0.004151504358698924,30,0.19103313840155947,0.1856594110115237,0.16655823031880285,0.1806367771280052,0.1809718892149728,0.009097629618116217,30
0.008706092834472656,0.0005394580865899718,0.01049947738647461,9.297774371960961e-05,8.111308307896856e-09,{'var_smoothing': 8.111308307896856e-09},0.6753933291378226,0.6674638137193203,0.6649043303121853,0.6719536757301108,0.6699287872248597,0.0040398840771598415,30,0.5925451593995957,0.5880029949714314,0.5810871810434316,0.5889850182301741,0.5876550884111582,0.004151504358698924,30,0.19103313840155947,0.1856594110115237,0.16655823031880285,0.1806367771280052,0.1809718892149728,0.009097629618116217,30
0.009238779544830322,0.00037320110255668676,0.00977015495300293,0.00015302247878516164,6.579332246575682e-09,{'var_smoothing': 6.579332246575682e-09},0.6753933291378226,0.6674638137193203,0.6649043303121853,0.6719536757301108,0.6699287872248597,0.0040398840771598415,30,0.5925451593995957,0.5880029949714314,0.5810871810434316,0.5889850182301741,0.5876550884111582,0.004151504358698924,30,0.19103313840155947,0.1856594110115237,0.16655823031880285,0.1806367771280052,0.1809718892149728,0.009097629618116217,30
0.008087217807769775,0.00042190279113510934,0.009826123714447021,0.0001219002713541701,5.336699231206302e-09,{'var_smoothing': 5.336699231206302e-09},0.6753933291378226,0.6674638137193203,0.6649043303121853,0.6719536757301108,0.6699287872248597,0.0040398840771598415,30,0.5925451593995957,0.5880029949714314,0.5810871810434316,0.5889850182301741,0.5876550884111582,0.004151504358698924,30,0.19103313840155947,0.1856594110115237,0.16655823031880285,0.1806367771280052,0.1809718892149728,0.009097629618116217,30
0.008697688579559326,0.0005563539912663458,0.009405255317687988,0.0005588416937111243,4.328761281083061e-09,{'var_smoothing': 4.328761281083061e-09},0.6753933291378226,0.6674638137193203,0.6649043303121853,0.6719536757301108,0.6699287872248597,0.0040398840771598415,30,0.5925451593995957,0.5880029949714314,0.5810871810434316,0.5889850182301741,0.5876550884111582,0.004151504358698924,30,0.19103313840155947,0.1856594110115237,0.16655823031880285,0.1806367771280052,0.1809718892149728,0.009097629618116217,30
0.008408010005950928,0.0005458720380007709,0.009073913097381592,0.00012461646443665136,3.5111917342151273e-09,{'var_smoothing': 3.5111917342151273e-09},0.6753933291378226,0.6674638137193203,0.6649043303121853,0.6719536757301108,0.6699287872248597,0.0040398840771598415,30,0.5925451593995957,0.5880029949714314,0.5810871810434316,0.5889850182301741,0.5876550884111582,0.004151504358698924,30,0.19103313840155947,0.1856594110115237,0.16655823031880285,0.1806367771280052,0.1809718892149728,0.009097629618116217,30
0.007764995098114014,8.566352921568477e-05,0.00911623239517212,0.0002113471694685851,2.848035868435805e-09,{'var_smoothing': 2.848035868435805e-09},0.6753933291378226,0.6674638137193203,0.6649043303121853,0.6719536757301108,0.6699287872248597,0.0040398840771598415,30,0.5925451593995957,0.5880029949714314,0.5810871810434316,0.5889850182301741,0.5876550884111582,0.004151504358698924,30,0.19103313840155947,0.1856594110115237,0.16655823031880285,0.1806367771280052,0.1809718892149728,0.009097629618116217,30
0.007392704486846924,0.0002012182449601192,0.009067893028259277,7.819375214030727e-05,2.310129700083158e-09,{'var_smoothing': 2.310129700083158e-09},0.6753933291378226,0.6674638137193203,0.6649043303121853,0.6719536757301108,0.6699287872248597,0.0040398840771598415,30,0.5925451593995957,0.5880029949714314,0.5810871810434316,0.5889850182301741,0.5876550884111582,0.004151504358698924,30,0.19103313840155947,0.1856594110115237,0.16655823031880285,0.1806367771280052,0.1809718892149728,0.009097629618116217,30
0.007176756858825684,0.00019456274470600575,0.008763611316680908,0.00038779778189955064,1.873817422860387e-09,{'var_smoothing': 1.873817422860387e-09},0.6753933291378226,0.6674638137193203,0.6649043303121853,0.6719536757301108,0.6699287872248597,0.0040398840771598415,30,0.5925451593995957,0.5880029949714314,0.5810871810434316,0.5889850182301741,0.5876550884111582,0.004151504358698924,30,0.19103313840155947,0.1856594110115237,0.16655823031880285,0.1806367771280052,0.1809718892149728,0.009097629618116217,30
0.007628142833709717,0.0002712843775062224,0.008083343505859375,0.00016178180757579956,1.519911082952933e-09,{'var_smoothing': 1.519911082952933e-09},0.6753933291378226,0.6674638137193203,0.6649043303121853,0.6719536757301108,0.6699287872248597,0.0040398840771598415,30,0.5925451593995957,0.5880029949714314,0.5810871810434316,0.5889850182301741,0.5876550884111582,0.004151504358698924,30,0.19103313840155947,0.1856594110115237,0.16655823031880285,0.1806367771280052,0.1809718892149728,0.009097629618116217,30
0.008336067199707031,0.00018599957697559144,0.0077255964279174805,0.00015197538772952844,1.2328467394420635e-09,{'var_smoothing': 1.2328467394420635e-09},0.6753933291378226,0.6674638137193203,0.6649043303121853,0.6719536757301108,0.6699287872248597,0.0040398840771598415,30,0.5925451593995957,0.5880029949714314,0.5810871810434316,0.5889850182301741,0.5876550884111582,0.004151504358698924,30,0.19103313840155947,0.1856594110115237,0.16655823031880285,0.1806367771280052,0.1809718892149728,0.009097629618116217,30
0.00827091932296753,0.00010837460360518072,0.0075386762619018555,8.48379105329178e-05,1e-09,{'var_smoothing': 1e-09},0.6753933291378226,0.6674638137193203,0.6649043303121853,0.6719536757301108,0.6699287872248597,0.0040398840771598415,30,0.5925451593995957,0.5880029949714314,0.5810871810434316,0.5889850182301741,0.5876550884111582,0.004151504358698924,30,0.19103313840155947,0.1856594110115237,0.16655823031880285,0.1806367771280052,0.1809718892149728,0.009097629618116217,30
